49 95
59,95
66,99
66,99
66,99
66,99
66,99
74,95
12,42
225,99
7,49
75,96
69,95
85,99
49,95
89,50
49,95
49,95
49,95
175,00
99,00
230,00
40,00
44,95
19,95
169,95
109,95
599,95
109,95
129,95
129,95
139,95
139,95
649,95
1.999,95
209,95
229,95
199,95
229,95
159,95
159,95
149,95
99,95
149,95
99,95
468,95
399,95
699,95
399,95
119,95
159,95
179,95
129,95
169,95
159,95
249,95
169,95
649,95
279,95
309,95
299,95
139,95
99,95
139,95
119,95
99,95
359,95
99,95
119,95
149,95
149,95
159,95
119,95
73,97
129,90
102,47
96,72
165,29
124,90
129,90
70,88
36,00
76,39
50,40
270,00
219,89
99,00
446,49
49,90
59,99
87,00
139,63
125,31
40,00
249,00
38,00
249,00
134,90
549,00
93,99
135,00
36,00
60,91
269,00
44,95
99,90
349,00
70,88
22,35
309,00
69,03
269,00
94,74
249,00
44,98
249,00
116,41
173,51
35,45
59,48
289,00
159,00
29,99
19,99
11,99
11,99
17,99
59,99
39,99
14,99
24,99
59,99
59,99
23,99
89,99
25,99
22,99
9,99
29,99
29,99
14,99
34,99
29,99
19,99
19,99
14,99
14,99
14,99
59,99
23,99
21,99
24,99
16,99
14,99
24,99
24,99
119,99
54,99
54,99
39,99
39,99
34,99
75
100
63
75
75
50
65
70
59,50
65
65
75
67,50
65
42,25
50
65
75
70
50
75
85
75
55,50FORMEMBERS
65
